,loss_train,loss_test,experiment,depth,width,batch_size,lr,gamma,name,dgd_window
0,338.65411376953125,316.5794982910156,1,1,1024,128,0.001,0.5,l1_h1024_bs128_lr0.001_g0.5_w1_adam,1
1,306.86224365234375,316.6927490234375,1,1,1024,128,0.001,0.5,l1_h1024_bs128_lr0.001_g0.5_w1_adam,1
2,305.1726989746094,316.6318664550781,1,1,1024,128,0.001,0.5,l1_h1024_bs128_lr0.001_g0.5_w1_adam,1
3,298.0798034667969,316.5555725097656,1,1,1024,128,0.001,0.5,l1_h1024_bs128_lr0.001_g0.5_w1_adam,1
4,308.1562805175781,316.55609130859375,1,1,1024,128,0.001,0.5,l1_h1024_bs128_lr0.001_g0.5_w1_adam,1
5,299.14361572265625,316.46014404296875,1,1,1024,128,0.001,0.5,l1_h1024_bs128_lr0.001_g0.5_w1_adam,1
6,307.0122985839844,316.3733825683594,1,1,1024,128,0.001,0.5,l1_h1024_bs128_lr0.001_g0.5_w1_adam,1
7,286.1253662109375,316.2898864746094,1,1,1024,128,0.001,0.5,l1_h1024_bs128_lr0.001_g0.5_w1_adam,1
8,306.531494140625,316.24603271484375,1,1,1024,128,0.001,0.5,l1_h1024_bs128_lr0.001_g0.5_w1_adam,1
9,303.79510498046875,316.1850891113281,1,1,1024,128,0.001,0.5,l1_h1024_bs128_lr0.001_g0.5_w1_adam,1
10,279.3746337890625,316.11492919921875,1,1,1024,128,0.001,0.5,l1_h1024_bs128_lr0.001_g0.5_w1_adam,1
11,268.9313659667969,316.0569152832031,1,1,1024,128,0.001,0.5,l1_h1024_bs128_lr0.001_g0.5_w1_adam,1
12,319.193359375,316.0653991699219,1,1,1024,128,0.001,0.5,l1_h1024_bs128_lr0.001_g0.5_w1_adam,1
13,292.67352294921875,315.98577880859375,1,1,1024,128,0.001,0.5,l1_h1024_bs128_lr0.001_g0.5_w1_adam,1
14,316.39697265625,315.9029846191406,1,1,1024,128,0.001,0.5,l1_h1024_bs128_lr0.001_g0.5_w1_adam,1
15,276.8924560546875,315.82452392578125,1,1,1024,128,0.001,0.5,l1_h1024_bs128_lr0.001_g0.5_w1_adam,1
16,307.53582763671875,315.76422119140625,1,1,1024,128,0.001,0.5,l1_h1024_bs128_lr0.001_g0.5_w1_adam,1
17,278.3016357421875,315.6845397949219,1,1,1024,128,0.001,0.5,l1_h1024_bs128_lr0.001_g0.5_w1_adam,1
18,292.6670227050781,315.631103515625,1,1,1024,128,0.001,0.5,l1_h1024_bs128_lr0.001_g0.5_w1_adam,1
19,346.08172607421875,315.5870361328125,1,1,1024,128,0.001,0.5,l1_h1024_bs128_lr0.001_g0.5_w1_adam,1
20,256.0591125488281,315.5361022949219,1,1,1024,128,0.001,0.5,l1_h1024_bs128_lr0.001_g0.5_w1_adam,1
21,285.8076477050781,315.47503662109375,1,1,1024,128,0.001,0.5,l1_h1024_bs128_lr0.001_g0.5_w1_adam,1
22,315.2879943847656,315.457763671875,1,1,1024,128,0.001,0.5,l1_h1024_bs128_lr0.001_g0.5_w1_adam,1
23,297.6636962890625,315.4375305175781,1,1,1024,128,0.001,0.5,l1_h1024_bs128_lr0.001_g0.5_w1_adam,1
24,312.1119689941406,315.3965148925781,1,1,1024,128,0.001,0.5,l1_h1024_bs128_lr0.001_g0.5_w1_adam,1
25,281.5567626953125,315.38555908203125,1,1,1024,128,0.001,0.5,l1_h1024_bs128_lr0.001_g0.5_w1_adam,1
26,277.3667907714844,315.36737060546875,1,1,1024,128,0.001,0.5,l1_h1024_bs128_lr0.001_g0.5_w1_adam,1
27,259.5124206542969,315.32659912109375,1,1,1024,128,0.001,0.5,l1_h1024_bs128_lr0.001_g0.5_w1_adam,1
28,262.6314697265625,315.2838134765625,1,1,1024,128,0.001,0.5,l1_h1024_bs128_lr0.001_g0.5_w1_adam,1
29,276.91522216796875,315.2463684082031,1,1,1024,128,0.001,0.5,l1_h1024_bs128_lr0.001_g0.5_w1_adam,1
30,316.650634765625,315.2296142578125,1,1,1024,128,0.001,0.5,l1_h1024_bs128_lr0.001_g0.5_w1_adam,1
31,281.6715087890625,315.2259826660156,1,1,1024,128,0.001,0.5,l1_h1024_bs128_lr0.001_g0.5_w1_adam,1
32,252.70089721679688,315.2215576171875,1,1,1024,128,0.001,0.5,l1_h1024_bs128_lr0.001_g0.5_w1_adam,1
33,268.192138671875,315.2019348144531,1,1,1024,128,0.001,0.5,l1_h1024_bs128_lr0.001_g0.5_w1_adam,1
34,273.12939453125,315.2188720703125,1,1,1024,128,0.001,0.5,l1_h1024_bs128_lr0.001_g0.5_w1_adam,1
35,300.9000244140625,315.20654296875,1,1,1024,128,0.001,0.5,l1_h1024_bs128_lr0.001_g0.5_w1_adam,1
36,284.5765380859375,315.18585205078125,1,1,1024,128,0.001,0.5,l1_h1024_bs128_lr0.001_g0.5_w1_adam,1
37,263.66180419921875,315.16015625,1,1,1024,128,0.001,0.5,l1_h1024_bs128_lr0.001_g0.5_w1_adam,1
38,298.4798889160156,315.1300048828125,1,1,1024,128,0.001,0.5,l1_h1024_bs128_lr0.001_g0.5_w1_adam,1
39,268.7972106933594,315.0807189941406,1,1,1024,128,0.001,0.5,l1_h1024_bs128_lr0.001_g0.5_w1_adam,1
40,281.3566589355469,315.05389404296875,1,1,1024,128,0.001,0.5,l1_h1024_bs128_lr0.001_g0.5_w1_adam,1
41,317.62469482421875,314.9909362792969,1,1,1024,128,0.001,0.5,l1_h1024_bs128_lr0.001_g0.5_w1_adam,1
42,287.17388916015625,314.92462158203125,1,1,1024,128,0.001,0.5,l1_h1024_bs128_lr0.001_g0.5_w1_adam,1
43,290.07830810546875,314.87164306640625,1,1,1024,128,0.001,0.5,l1_h1024_bs128_lr0.001_g0.5_w1_adam,1
44,295.9951171875,314.8257751464844,1,1,1024,128,0.001,0.5,l1_h1024_bs128_lr0.001_g0.5_w1_adam,1
45,317.18768310546875,314.80035400390625,1,1,1024,128,0.001,0.5,l1_h1024_bs128_lr0.001_g0.5_w1_adam,1
46,288.2197570800781,314.7458190917969,1,1,1024,128,0.001,0.5,l1_h1024_bs128_lr0.001_g0.5_w1_adam,1
47,291.76019287109375,314.7096252441406,1,1,1024,128,0.001,0.5,l1_h1024_bs128_lr0.001_g0.5_w1_adam,1
48,329.62188720703125,314.7039794921875,1,1,1024,128,0.001,0.5,l1_h1024_bs128_lr0.001_g0.5_w1_adam,1
49,276.7327575683594,314.6511535644531,1,1,1024,128,0.001,0.5,l1_h1024_bs128_lr0.001_g0.5_w1_adam,1
50,266.0479736328125,314.5684814453125,1,1,1024,128,0.001,0.5,l1_h1024_bs128_lr0.001_g0.5_w1_adam,1
51,299.44342041015625,314.4759826660156,1,1,1024,128,0.001,0.5,l1_h1024_bs128_lr0.001_g0.5_w1_adam,1
52,306.87115478515625,314.35992431640625,1,1,1024,128,0.001,0.5,l1_h1024_bs128_lr0.001_g0.5_w1_adam,1
53,296.1846923828125,314.2260437011719,1,1,1024,128,0.001,0.5,l1_h1024_bs128_lr0.001_g0.5_w1_adam,1
54,287.93994140625,314.17718505859375,1,1,1024,128,0.001,0.5,l1_h1024_bs128_lr0.001_g0.5_w1_adam,1
55,298.47454833984375,314.0944519042969,1,1,1024,128,0.001,0.5,l1_h1024_bs128_lr0.001_g0.5_w1_adam,1
56,282.8953552246094,314.0241394042969,1,1,1024,128,0.001,0.5,l1_h1024_bs128_lr0.001_g0.5_w1_adam,1
57,302.77532958984375,313.9530944824219,1,1,1024,128,0.001,0.5,l1_h1024_bs128_lr0.001_g0.5_w1_adam,1
58,257.44873046875,313.9775085449219,1,1,1024,128,0.001,0.5,l1_h1024_bs128_lr0.001_g0.5_w1_adam,1
59,281.3172607421875,313.9875793457031,1,1,1024,128,0.001,0.5,l1_h1024_bs128_lr0.001_g0.5_w1_adam,1
60,299.20025634765625,313.9835205078125,1,1,1024,128,0.001,0.5,l1_h1024_bs128_lr0.001_g0.5_w1_adam,1
61,284.7840576171875,313.9550476074219,1,1,1024,128,0.001,0.5,l1_h1024_bs128_lr0.001_g0.5_w1_adam,1
62,290.89068603515625,313.9248962402344,1,1,1024,128,0.001,0.5,l1_h1024_bs128_lr0.001_g0.5_w1_adam,1
63,322.90386962890625,313.8965759277344,1,1,1024,128,0.001,0.5,l1_h1024_bs128_lr0.001_g0.5_w1_adam,1
64,347.9258117675781,313.8951110839844,1,1,1024,128,0.001,0.5,l1_h1024_bs128_lr0.001_g0.5_w1_adam,1
65,237.724365234375,313.94976806640625,1,1,1024,128,0.001,0.5,l1_h1024_bs128_lr0.001_g0.5_w1_adam,1
66,295.352294921875,313.9779052734375,1,1,1024,128,0.001,0.5,l1_h1024_bs128_lr0.001_g0.5_w1_adam,1
67,281.8748779296875,314.00897216796875,1,1,1024,128,0.001,0.5,l1_h1024_bs128_lr0.001_g0.5_w1_adam,1
68,297.11688232421875,314.019775390625,1,1,1024,128,0.001,0.5,l1_h1024_bs128_lr0.001_g0.5_w1_adam,1
69,292.1857604980469,314.0240783691406,1,1,1024,128,0.001,0.5,l1_h1024_bs128_lr0.001_g0.5_w1_adam,1
70,305.1536560058594,314.0492248535156,1,1,1024,128,0.001,0.5,l1_h1024_bs128_lr0.001_g0.5_w1_adam,1
71,281.0640869140625,314.0392150878906,1,1,1024,128,0.001,0.5,l1_h1024_bs128_lr0.001_g0.5_w1_adam,1
72,338.5549621582031,314.02294921875,1,1,1024,128,0.001,0.5,l1_h1024_bs128_lr0.001_g0.5_w1_adam,1
73,321.4669494628906,314.0026550292969,1,1,1024,128,0.001,0.5,l1_h1024_bs128_lr0.001_g0.5_w1_adam,1
74,267.373291015625,313.9918518066406,1,1,1024,128,0.001,0.5,l1_h1024_bs128_lr0.001_g0.5_w1_adam,1
75,324.9873352050781,314.0502014160156,1,1,1024,128,0.001,0.5,l1_h1024_bs128_lr0.001_g0.5_w1_adam,1
76,326.15887451171875,314.0536804199219,1,1,1024,128,0.001,0.5,l1_h1024_bs128_lr0.001_g0.5_w1_adam,1
77,257.8716735839844,314.0729675292969,1,1,1024,128,0.001,0.5,l1_h1024_bs128_lr0.001_g0.5_w1_adam,1
78,285.8027648925781,314.09527587890625,1,1,1024,128,0.001,0.5,l1_h1024_bs128_lr0.001_g0.5_w1_adam,1
79,300.23773193359375,314.0987548828125,1,1,1024,128,0.001,0.5,l1_h1024_bs128_lr0.001_g0.5_w1_adam,1
80,291.03558349609375,314.1102600097656,1,1,1024,128,0.001,0.5,l1_h1024_bs128_lr0.001_g0.5_w1_adam,1
81,294.6692199707031,314.1046142578125,1,1,1024,128,0.001,0.5,l1_h1024_bs128_lr0.001_g0.5_w1_adam,1
82,318.96490478515625,314.0375671386719,1,1,1024,128,0.001,0.5,l1_h1024_bs128_lr0.001_g0.5_w1_adam,1
83,281.0142517089844,313.96881103515625,1,1,1024,128,0.001,0.5,l1_h1024_bs128_lr0.001_g0.5_w1_adam,1
84,242.25143432617188,313.89849853515625,1,1,1024,128,0.001,0.5,l1_h1024_bs128_lr0.001_g0.5_w1_adam,1
85,261.9217529296875,313.84820556640625,1,1,1024,128,0.001,0.5,l1_h1024_bs128_lr0.001_g0.5_w1_adam,1
86,319.65789794921875,313.8350830078125,1,1,1024,128,0.001,0.5,l1_h1024_bs128_lr0.001_g0.5_w1_adam,1
87,292.3919677734375,313.80950927734375,1,1,1024,128,0.001,0.5,l1_h1024_bs128_lr0.001_g0.5_w1_adam,1
88,300.84991455078125,313.7833251953125,1,1,1024,128,0.001,0.5,l1_h1024_bs128_lr0.001_g0.5_w1_adam,1
89,309.94317626953125,313.89691162109375,1,1,1024,128,0.001,0.5,l1_h1024_bs128_lr0.001_g0.5_w1_adam,1
90,290.03948974609375,313.997802734375,1,1,1024,128,0.001,0.5,l1_h1024_bs128_lr0.001_g0.5_w1_adam,1
91,301.615966796875,314.0878601074219,1,1,1024,128,0.001,0.5,l1_h1024_bs128_lr0.001_g0.5_w1_adam,1
92,289.3621520996094,314.1692810058594,1,1,1024,128,0.001,0.5,l1_h1024_bs128_lr0.001_g0.5_w1_adam,1
93,317.92388916015625,314.2360534667969,1,1,1024,128,0.001,0.5,l1_h1024_bs128_lr0.001_g0.5_w1_adam,1
94,306.79681396484375,314.2990417480469,1,1,1024,128,0.001,0.5,l1_h1024_bs128_lr0.001_g0.5_w1_adam,1
95,347.35418701171875,314.35101318359375,1,1,1024,128,0.001,0.5,l1_h1024_bs128_lr0.001_g0.5_w1_adam,1
96,330.9169616699219,314.40325927734375,1,1,1024,128,0.001,0.5,l1_h1024_bs128_lr0.001_g0.5_w1_adam,1
97,299.1690673828125,314.4537048339844,1,1,1024,128,0.001,0.5,l1_h1024_bs128_lr0.001_g0.5_w1_adam,1
98,272.71575927734375,314.51336669921875,1,1,1024,128,0.001,0.5,l1_h1024_bs128_lr0.001_g0.5_w1_adam,1
99,277.1070556640625,314.56072998046875,1,1,1024,128,0.001,0.5,l1_h1024_bs128_lr0.001_g0.5_w1_adam,1
0,312.55902099609375,316.4234619140625,2,1,1024,128,0.001,0.5,l1_h1024_bs128_lr0.001_g0.5_w1_adam,1
1,281.9916076660156,316.57244873046875,2,1,1024,128,0.001,0.5,l1_h1024_bs128_lr0.001_g0.5_w1_adam,1
2,289.16558837890625,316.47125244140625,2,1,1024,128,0.001,0.5,l1_h1024_bs128_lr0.001_g0.5_w1_adam,1
3,337.8131408691406,316.5746765136719,2,1,1024,128,0.001,0.5,l1_h1024_bs128_lr0.001_g0.5_w1_adam,1
4,258.4150695800781,316.71502685546875,2,1,1024,128,0.001,0.5,l1_h1024_bs128_lr0.001_g0.5_w1_adam,1
5,275.00732421875,316.7886657714844,2,1,1024,128,0.001,0.5,l1_h1024_bs128_lr0.001_g0.5_w1_adam,1
6,303.7510986328125,316.86859130859375,2,1,1024,128,0.001,0.5,l1_h1024_bs128_lr0.001_g0.5_w1_adam,1
7,305.127197265625,316.9421081542969,2,1,1024,128,0.001,0.5,l1_h1024_bs128_lr0.001_g0.5_w1_adam,1
8,268.74688720703125,316.93328857421875,2,1,1024,128,0.001,0.5,l1_h1024_bs128_lr0.001_g0.5_w1_adam,1
9,257.698486328125,316.87359619140625,2,1,1024,128,0.001,0.5,l1_h1024_bs128_lr0.001_g0.5_w1_adam,1
10,306.6377258300781,316.86212158203125,2,1,1024,128,0.001,0.5,l1_h1024_bs128_lr0.001_g0.5_w1_adam,1
11,294.5603332519531,316.930419921875,2,1,1024,128,0.001,0.5,l1_h1024_bs128_lr0.001_g0.5_w1_adam,1
12,322.8553466796875,316.96514892578125,2,1,1024,128,0.001,0.5,l1_h1024_bs128_lr0.001_g0.5_w1_adam,1
13,305.2080078125,316.8970947265625,2,1,1024,128,0.001,0.5,l1_h1024_bs128_lr0.001_g0.5_w1_adam,1
14,280.94366455078125,316.7980651855469,2,1,1024,128,0.001,0.5,l1_h1024_bs128_lr0.001_g0.5_w1_adam,1
15,333.2738952636719,316.6990051269531,2,1,1024,128,0.001,0.5,l1_h1024_bs128_lr0.001_g0.5_w1_adam,1
16,310.18878173828125,316.6112976074219,2,1,1024,128,0.001,0.5,l1_h1024_bs128_lr0.001_g0.5_w1_adam,1
17,289.801513671875,316.5472412109375,2,1,1024,128,0.001,0.5,l1_h1024_bs128_lr0.001_g0.5_w1_adam,1
18,306.7403564453125,316.4853210449219,2,1,1024,128,0.001,0.5,l1_h1024_bs128_lr0.001_g0.5_w1_adam,1
19,284.4331359863281,316.4360046386719,2,1,1024,128,0.001,0.5,l1_h1024_bs128_lr0.001_g0.5_w1_adam,1
20,326.5094909667969,316.3935852050781,2,1,1024,128,0.001,0.5,l1_h1024_bs128_lr0.001_g0.5_w1_adam,1
21,336.595458984375,316.35577392578125,2,1,1024,128,0.001,0.5,l1_h1024_bs128_lr0.001_g0.5_w1_adam,1
22,290.8734436035156,316.3221130371094,2,1,1024,128,0.001,0.5,l1_h1024_bs128_lr0.001_g0.5_w1_adam,1
23,284.17462158203125,316.2914733886719,2,1,1024,128,0.001,0.5,l1_h1024_bs128_lr0.001_g0.5_w1_adam,1
24,307.5888671875,316.26495361328125,2,1,1024,128,0.001,0.5,l1_h1024_bs128_lr0.001_g0.5_w1_adam,1
25,274.4061584472656,316.238525390625,2,1,1024,128,0.001,0.5,l1_h1024_bs128_lr0.001_g0.5_w1_adam,1
26,267.4179992675781,316.21142578125,2,1,1024,128,0.001,0.5,l1_h1024_bs128_lr0.001_g0.5_w1_adam,1
27,315.1917724609375,316.19085693359375,2,1,1024,128,0.001,0.5,l1_h1024_bs128_lr0.001_g0.5_w1_adam,1
28,262.0335693359375,316.1631774902344,2,1,1024,128,0.001,0.5,l1_h1024_bs128_lr0.001_g0.5_w1_adam,1
29,288.65936279296875,316.1427307128906,2,1,1024,128,0.001,0.5,l1_h1024_bs128_lr0.001_g0.5_w1_adam,1
30,309.23822021484375,316.15350341796875,2,1,1024,128,0.001,0.5,l1_h1024_bs128_lr0.001_g0.5_w1_adam,1
31,302.16766357421875,316.1426696777344,2,1,1024,128,0.001,0.5,l1_h1024_bs128_lr0.001_g0.5_w1_adam,1
32,304.6533203125,316.1341857910156,2,1,1024,128,0.001,0.5,l1_h1024_bs128_lr0.001_g0.5_w1_adam,1
33,304.254638671875,316.1281433105469,2,1,1024,128,0.001,0.5,l1_h1024_bs128_lr0.001_g0.5_w1_adam,1
34,304.24176025390625,316.1263122558594,2,1,1024,128,0.001,0.5,l1_h1024_bs128_lr0.001_g0.5_w1_adam,1
35,297.59808349609375,316.12274169921875,2,1,1024,128,0.001,0.5,l1_h1024_bs128_lr0.001_g0.5_w1_adam,1
36,249.04949951171875,316.1180419921875,2,1,1024,128,0.001,0.5,l1_h1024_bs128_lr0.001_g0.5_w1_adam,1
37,292.0834655761719,316.1070861816406,2,1,1024,128,0.001,0.5,l1_h1024_bs128_lr0.001_g0.5_w1_adam,1
38,283.0204772949219,316.09295654296875,2,1,1024,128,0.001,0.5,l1_h1024_bs128_lr0.001_g0.5_w1_adam,1
39,281.5591125488281,316.0815124511719,2,1,1024,128,0.001,0.5,l1_h1024_bs128_lr0.001_g0.5_w1_adam,1
40,307.87261962890625,316.07501220703125,2,1,1024,128,0.001,0.5,l1_h1024_bs128_lr0.001_g0.5_w1_adam,1
41,257.35723876953125,316.0848693847656,2,1,1024,128,0.001,0.5,l1_h1024_bs128_lr0.001_g0.5_w1_adam,1
42,328.76812744140625,316.0430603027344,2,1,1024,128,0.001,0.5,l1_h1024_bs128_lr0.001_g0.5_w1_adam,1
43,276.3746643066406,316.0201416015625,2,1,1024,128,0.001,0.5,l1_h1024_bs128_lr0.001_g0.5_w1_adam,1
44,273.63311767578125,316.00177001953125,2,1,1024,128,0.001,0.5,l1_h1024_bs128_lr0.001_g0.5_w1_adam,1
45,286.93341064453125,315.90472412109375,2,1,1024,128,0.001,0.5,l1_h1024_bs128_lr0.001_g0.5_w1_adam,1
46,326.9049072265625,315.80523681640625,2,1,1024,128,0.001,0.5,l1_h1024_bs128_lr0.001_g0.5_w1_adam,1
47,299.6827392578125,315.70587158203125,2,1,1024,128,0.001,0.5,l1_h1024_bs128_lr0.001_g0.5_w1_adam,1
48,289.7877197265625,315.6280822753906,2,1,1024,128,0.001,0.5,l1_h1024_bs128_lr0.001_g0.5_w1_adam,1
49,255.01441955566406,315.54132080078125,2,1,1024,128,0.001,0.5,l1_h1024_bs128_lr0.001_g0.5_w1_adam,1
50,319.49554443359375,315.4748840332031,2,1,1024,128,0.001,0.5,l1_h1024_bs128_lr0.001_g0.5_w1_adam,1
51,253.38980102539062,315.4405212402344,2,1,1024,128,0.001,0.5,l1_h1024_bs128_lr0.001_g0.5_w1_adam,1
52,317.2135009765625,315.2355651855469,2,1,1024,128,0.001,0.5,l1_h1024_bs128_lr0.001_g0.5_w1_adam,1
53,310.2625732421875,315.02301025390625,2,1,1024,128,0.001,0.5,l1_h1024_bs128_lr0.001_g0.5_w1_adam,1
54,321.00408935546875,314.82598876953125,2,1,1024,128,0.001,0.5,l1_h1024_bs128_lr0.001_g0.5_w1_adam,1
55,290.09259033203125,314.6375732421875,2,1,1024,128,0.001,0.5,l1_h1024_bs128_lr0.001_g0.5_w1_adam,1
56,277.6513977050781,314.4801940917969,2,1,1024,128,0.001,0.5,l1_h1024_bs128_lr0.001_g0.5_w1_adam,1
57,277.4129943847656,314.4406433105469,2,1,1024,128,0.001,0.5,l1_h1024_bs128_lr0.001_g0.5_w1_adam,1
58,265.1004333496094,314.4073181152344,2,1,1024,128,0.001,0.5,l1_h1024_bs128_lr0.001_g0.5_w1_adam,1
59,276.822265625,314.3707580566406,2,1,1024,128,0.001,0.5,l1_h1024_bs128_lr0.001_g0.5_w1_adam,1
60,300.60882568359375,314.3497314453125,2,1,1024,128,0.001,0.5,l1_h1024_bs128_lr0.001_g0.5_w1_adam,1
61,305.6177978515625,314.3271484375,2,1,1024,128,0.001,0.5,l1_h1024_bs128_lr0.001_g0.5_w1_adam,1
62,279.0418701171875,314.2939758300781,2,1,1024,128,0.001,0.5,l1_h1024_bs128_lr0.001_g0.5_w1_adam,1
63,286.929931640625,314.2943420410156,2,1,1024,128,0.001,0.5,l1_h1024_bs128_lr0.001_g0.5_w1_adam,1
64,303.79656982421875,314.3033752441406,2,1,1024,128,0.001,0.5,l1_h1024_bs128_lr0.001_g0.5_w1_adam,1
65,289.0775451660156,314.30517578125,2,1,1024,128,0.001,0.5,l1_h1024_bs128_lr0.001_g0.5_w1_adam,1
66,332.3547668457031,314.26690673828125,2,1,1024,128,0.001,0.5,l1_h1024_bs128_lr0.001_g0.5_w1_adam,1
67,277.10418701171875,314.43084716796875,2,1,1024,128,0.001,0.5,l1_h1024_bs128_lr0.001_g0.5_w1_adam,1
68,287.9609375,314.5797424316406,2,1,1024,128,0.001,0.5,l1_h1024_bs128_lr0.001_g0.5_w1_adam,1
69,292.0650329589844,314.7145690917969,2,1,1024,128,0.001,0.5,l1_h1024_bs128_lr0.001_g0.5_w1_adam,1
70,289.7911071777344,314.8424072265625,2,1,1024,128,0.001,0.5,l1_h1024_bs128_lr0.001_g0.5_w1_adam,1
71,297.6734619140625,314.9354248046875,2,1,1024,128,0.001,0.5,l1_h1024_bs128_lr0.001_g0.5_w1_adam,1
72,258.955810546875,314.9986267089844,2,1,1024,128,0.001,0.5,l1_h1024_bs128_lr0.001_g0.5_w1_adam,1
73,342.0953674316406,315.1070861816406,2,1,1024,128,0.001,0.5,l1_h1024_bs128_lr0.001_g0.5_w1_adam,1
74,310.53240966796875,315.226318359375,2,1,1024,128,0.001,0.5,l1_h1024_bs128_lr0.001_g0.5_w1_adam,1
75,307.95947265625,315.26251220703125,2,1,1024,128,0.001,0.5,l1_h1024_bs128_lr0.001_g0.5_w1_adam,1
76,302.04638671875,315.2872314453125,2,1,1024,128,0.001,0.5,l1_h1024_bs128_lr0.001_g0.5_w1_adam,1
77,244.14495849609375,315.41973876953125,2,1,1024,128,0.001,0.5,l1_h1024_bs128_lr0.001_g0.5_w1_adam,1
78,300.234375,315.5408020019531,2,1,1024,128,0.001,0.5,l1_h1024_bs128_lr0.001_g0.5_w1_adam,1
79,261.32183837890625,315.6567077636719,2,1,1024,128,0.001,0.5,l1_h1024_bs128_lr0.001_g0.5_w1_adam,1
80,293.199462890625,315.7284240722656,2,1,1024,128,0.001,0.5,l1_h1024_bs128_lr0.001_g0.5_w1_adam,1
81,295.6630859375,315.82635498046875,2,1,1024,128,0.001,0.5,l1_h1024_bs128_lr0.001_g0.5_w1_adam,1
82,258.7248229980469,315.8594970703125,2,1,1024,128,0.001,0.5,l1_h1024_bs128_lr0.001_g0.5_w1_adam,1
83,290.9432373046875,316.0513916015625,2,1,1024,128,0.001,0.5,l1_h1024_bs128_lr0.001_g0.5_w1_adam,1
84,279.27557373046875,316.16680908203125,2,1,1024,128,0.001,0.5,l1_h1024_bs128_lr0.001_g0.5_w1_adam,1
85,288.4815673828125,316.3425598144531,2,1,1024,128,0.001,0.5,l1_h1024_bs128_lr0.001_g0.5_w1_adam,1
86,272.35052490234375,316.5063171386719,2,1,1024,128,0.001,0.5,l1_h1024_bs128_lr0.001_g0.5_w1_adam,1
87,298.67425537109375,316.5474548339844,2,1,1024,128,0.001,0.5,l1_h1024_bs128_lr0.001_g0.5_w1_adam,1
88,268.15850830078125,316.66400146484375,2,1,1024,128,0.001,0.5,l1_h1024_bs128_lr0.001_g0.5_w1_adam,1
89,307.6029968261719,316.798095703125,2,1,1024,128,0.001,0.5,l1_h1024_bs128_lr0.001_g0.5_w1_adam,1
90,253.08885192871094,316.94708251953125,2,1,1024,128,0.001,0.5,l1_h1024_bs128_lr0.001_g0.5_w1_adam,1
91,256.88922119140625,317.0565490722656,2,1,1024,128,0.001,0.5,l1_h1024_bs128_lr0.001_g0.5_w1_adam,1
92,280.659423828125,317.1090393066406,2,1,1024,128,0.001,0.5,l1_h1024_bs128_lr0.001_g0.5_w1_adam,1
93,293.285888671875,317.3065490722656,2,1,1024,128,0.001,0.5,l1_h1024_bs128_lr0.001_g0.5_w1_adam,1
94,328.4459228515625,317.45172119140625,2,1,1024,128,0.001,0.5,l1_h1024_bs128_lr0.001_g0.5_w1_adam,1
95,324.51568603515625,317.5514831542969,2,1,1024,128,0.001,0.5,l1_h1024_bs128_lr0.001_g0.5_w1_adam,1
96,292.1309814453125,317.6630554199219,2,1,1024,128,0.001,0.5,l1_h1024_bs128_lr0.001_g0.5_w1_adam,1
97,315.53741455078125,317.728271484375,2,1,1024,128,0.001,0.5,l1_h1024_bs128_lr0.001_g0.5_w1_adam,1
98,341.0003662109375,317.935791015625,2,1,1024,128,0.001,0.5,l1_h1024_bs128_lr0.001_g0.5_w1_adam,1
99,322.6434326171875,318.0606689453125,2,1,1024,128,0.001,0.5,l1_h1024_bs128_lr0.001_g0.5_w1_adam,1
0,286.321044921875,316.32733154296875,3,1,1024,128,0.001,0.5,l1_h1024_bs128_lr0.001_g0.5_w1_adam,1
1,284.91986083984375,316.20318603515625,3,1,1024,128,0.001,0.5,l1_h1024_bs128_lr0.001_g0.5_w1_adam,1
2,271.05645751953125,316.11505126953125,3,1,1024,128,0.001,0.5,l1_h1024_bs128_lr0.001_g0.5_w1_adam,1
3,263.07763671875,316.00274658203125,3,1,1024,128,0.001,0.5,l1_h1024_bs128_lr0.001_g0.5_w1_adam,1
4,294.8192138671875,316.0045471191406,3,1,1024,128,0.001,0.5,l1_h1024_bs128_lr0.001_g0.5_w1_adam,1
5,271.7235107421875,315.949951171875,3,1,1024,128,0.001,0.5,l1_h1024_bs128_lr0.001_g0.5_w1_adam,1
6,294.61834716796875,315.9063415527344,3,1,1024,128,0.001,0.5,l1_h1024_bs128_lr0.001_g0.5_w1_adam,1
7,287.580078125,315.8391418457031,3,1,1024,128,0.001,0.5,l1_h1024_bs128_lr0.001_g0.5_w1_adam,1
8,294.40264892578125,315.7841491699219,3,1,1024,128,0.001,0.5,l1_h1024_bs128_lr0.001_g0.5_w1_adam,1
9,261.2433776855469,315.7025451660156,3,1,1024,128,0.001,0.5,l1_h1024_bs128_lr0.001_g0.5_w1_adam,1
10,291.751708984375,315.651611328125,3,1,1024,128,0.001,0.5,l1_h1024_bs128_lr0.001_g0.5_w1_adam,1
11,337.799560546875,315.6206970214844,3,1,1024,128,0.001,0.5,l1_h1024_bs128_lr0.001_g0.5_w1_adam,1
12,322.4205322265625,315.6011047363281,3,1,1024,128,0.001,0.5,l1_h1024_bs128_lr0.001_g0.5_w1_adam,1
13,267.84686279296875,315.50860595703125,3,1,1024,128,0.001,0.5,l1_h1024_bs128_lr0.001_g0.5_w1_adam,1
14,292.6396484375,315.52880859375,3,1,1024,128,0.001,0.5,l1_h1024_bs128_lr0.001_g0.5_w1_adam,1
15,313.16375732421875,315.4623107910156,3,1,1024,128,0.001,0.5,l1_h1024_bs128_lr0.001_g0.5_w1_adam,1
16,284.50762939453125,315.39508056640625,3,1,1024,128,0.001,0.5,l1_h1024_bs128_lr0.001_g0.5_w1_adam,1
17,284.41357421875,315.336181640625,3,1,1024,128,0.001,0.5,l1_h1024_bs128_lr0.001_g0.5_w1_adam,1
18,295.6492614746094,315.2857360839844,3,1,1024,128,0.001,0.5,l1_h1024_bs128_lr0.001_g0.5_w1_adam,1
19,290.8135681152344,315.2363586425781,3,1,1024,128,0.001,0.5,l1_h1024_bs128_lr0.001_g0.5_w1_adam,1
20,300.00628662109375,315.2079772949219,3,1,1024,128,0.001,0.5,l1_h1024_bs128_lr0.001_g0.5_w1_adam,1
21,272.83270263671875,315.1695251464844,3,1,1024,128,0.001,0.5,l1_h1024_bs128_lr0.001_g0.5_w1_adam,1
22,280.81597900390625,315.1307373046875,3,1,1024,128,0.001,0.5,l1_h1024_bs128_lr0.001_g0.5_w1_adam,1
23,269.0018005371094,315.1130065917969,3,1,1024,128,0.001,0.5,l1_h1024_bs128_lr0.001_g0.5_w1_adam,1
24,334.41741943359375,315.0827331542969,3,1,1024,128,0.001,0.5,l1_h1024_bs128_lr0.001_g0.5_w1_adam,1
25,299.5622253417969,315.03289794921875,3,1,1024,128,0.001,0.5,l1_h1024_bs128_lr0.001_g0.5_w1_adam,1
26,295.9119873046875,314.99169921875,3,1,1024,128,0.001,0.5,l1_h1024_bs128_lr0.001_g0.5_w1_adam,1
27,300.7083740234375,314.9550476074219,3,1,1024,128,0.001,0.5,l1_h1024_bs128_lr0.001_g0.5_w1_adam,1
28,306.28033447265625,314.9430236816406,3,1,1024,128,0.001,0.5,l1_h1024_bs128_lr0.001_g0.5_w1_adam,1
29,310.48089599609375,314.8694152832031,3,1,1024,128,0.001,0.5,l1_h1024_bs128_lr0.001_g0.5_w1_adam,1
30,290.7448425292969,314.81011962890625,3,1,1024,128,0.001,0.5,l1_h1024_bs128_lr0.001_g0.5_w1_adam,1
31,291.40753173828125,314.7432556152344,3,1,1024,128,0.001,0.5,l1_h1024_bs128_lr0.001_g0.5_w1_adam,1
32,298.28961181640625,314.7120056152344,3,1,1024,128,0.001,0.5,l1_h1024_bs128_lr0.001_g0.5_w1_adam,1
33,295.7386779785156,314.6825256347656,3,1,1024,128,0.001,0.5,l1_h1024_bs128_lr0.001_g0.5_w1_adam,1
34,315.40985107421875,314.74609375,3,1,1024,128,0.001,0.5,l1_h1024_bs128_lr0.001_g0.5_w1_adam,1
35,243.34104919433594,314.86285400390625,3,1,1024,128,0.001,0.5,l1_h1024_bs128_lr0.001_g0.5_w1_adam,1
36,282.1914978027344,314.9582214355469,3,1,1024,128,0.001,0.5,l1_h1024_bs128_lr0.001_g0.5_w1_adam,1
37,295.70098876953125,315.03533935546875,3,1,1024,128,0.001,0.5,l1_h1024_bs128_lr0.001_g0.5_w1_adam,1
38,284.0587463378906,315.111083984375,3,1,1024,128,0.001,0.5,l1_h1024_bs128_lr0.001_g0.5_w1_adam,1
39,294.371826171875,315.1837158203125,3,1,1024,128,0.001,0.5,l1_h1024_bs128_lr0.001_g0.5_w1_adam,1
40,255.7112579345703,315.26068115234375,3,1,1024,128,0.001,0.5,l1_h1024_bs128_lr0.001_g0.5_w1_adam,1
41,304.95843505859375,315.3222961425781,3,1,1024,128,0.001,0.5,l1_h1024_bs128_lr0.001_g0.5_w1_adam,1
42,282.96856689453125,315.3536682128906,3,1,1024,128,0.001,0.5,l1_h1024_bs128_lr0.001_g0.5_w1_adam,1
43,314.238525390625,315.3793029785156,3,1,1024,128,0.001,0.5,l1_h1024_bs128_lr0.001_g0.5_w1_adam,1
44,288.701904296875,315.3911437988281,3,1,1024,128,0.001,0.5,l1_h1024_bs128_lr0.001_g0.5_w1_adam,1
45,319.6439208984375,315.40972900390625,3,1,1024,128,0.001,0.5,l1_h1024_bs128_lr0.001_g0.5_w1_adam,1
46,292.2479248046875,315.43658447265625,3,1,1024,128,0.001,0.5,l1_h1024_bs128_lr0.001_g0.5_w1_adam,1
47,309.34423828125,315.43377685546875,3,1,1024,128,0.001,0.5,l1_h1024_bs128_lr0.001_g0.5_w1_adam,1
48,287.7738342285156,315.3352355957031,3,1,1024,128,0.001,0.5,l1_h1024_bs128_lr0.001_g0.5_w1_adam,1
49,282.57891845703125,315.2431335449219,3,1,1024,128,0.001,0.5,l1_h1024_bs128_lr0.001_g0.5_w1_adam,1
50,303.6099853515625,315.1778564453125,3,1,1024,128,0.001,0.5,l1_h1024_bs128_lr0.001_g0.5_w1_adam,1
51,290.8774719238281,315.1045837402344,3,1,1024,128,0.001,0.5,l1_h1024_bs128_lr0.001_g0.5_w1_adam,1
52,293.48956298828125,315.0374450683594,3,1,1024,128,0.001,0.5,l1_h1024_bs128_lr0.001_g0.5_w1_adam,1
53,281.6819152832031,315.007080078125,3,1,1024,128,0.001,0.5,l1_h1024_bs128_lr0.001_g0.5_w1_adam,1
54,255.205078125,314.945556640625,3,1,1024,128,0.001,0.5,l1_h1024_bs128_lr0.001_g0.5_w1_adam,1
55,304.3295593261719,314.9137878417969,3,1,1024,128,0.001,0.5,l1_h1024_bs128_lr0.001_g0.5_w1_adam,1
56,280.51361083984375,314.80743408203125,3,1,1024,128,0.001,0.5,l1_h1024_bs128_lr0.001_g0.5_w1_adam,1
57,289.517578125,314.7090759277344,3,1,1024,128,0.001,0.5,l1_h1024_bs128_lr0.001_g0.5_w1_adam,1
58,299.18621826171875,314.63775634765625,3,1,1024,128,0.001,0.5,l1_h1024_bs128_lr0.001_g0.5_w1_adam,1
59,310.5578918457031,314.6186218261719,3,1,1024,128,0.001,0.5,l1_h1024_bs128_lr0.001_g0.5_w1_adam,1
60,283.6922607421875,314.59521484375,3,1,1024,128,0.001,0.5,l1_h1024_bs128_lr0.001_g0.5_w1_adam,1
61,259.97021484375,314.5729064941406,3,1,1024,128,0.001,0.5,l1_h1024_bs128_lr0.001_g0.5_w1_adam,1
62,272.307861328125,314.2649841308594,3,1,1024,128,0.001,0.5,l1_h1024_bs128_lr0.001_g0.5_w1_adam,1
63,297.0113220214844,313.9713134765625,3,1,1024,128,0.001,0.5,l1_h1024_bs128_lr0.001_g0.5_w1_adam,1
64,252.89935302734375,313.7115783691406,3,1,1024,128,0.001,0.5,l1_h1024_bs128_lr0.001_g0.5_w1_adam,1
65,262.92840576171875,313.4981384277344,3,1,1024,128,0.001,0.5,l1_h1024_bs128_lr0.001_g0.5_w1_adam,1
66,280.562255859375,313.31207275390625,3,1,1024,128,0.001,0.5,l1_h1024_bs128_lr0.001_g0.5_w1_adam,1
67,311.94317626953125,313.1650085449219,3,1,1024,128,0.001,0.5,l1_h1024_bs128_lr0.001_g0.5_w1_adam,1
68,282.56396484375,313.1934509277344,3,1,1024,128,0.001,0.5,l1_h1024_bs128_lr0.001_g0.5_w1_adam,1
69,310.9176025390625,313.2513427734375,3,1,1024,128,0.001,0.5,l1_h1024_bs128_lr0.001_g0.5_w1_adam,1
70,254.46156311035156,313.3247985839844,3,1,1024,128,0.001,0.5,l1_h1024_bs128_lr0.001_g0.5_w1_adam,1
71,281.07623291015625,313.37603759765625,3,1,1024,128,0.001,0.5,l1_h1024_bs128_lr0.001_g0.5_w1_adam,1
72,269.7483825683594,313.4200744628906,3,1,1024,128,0.001,0.5,l1_h1024_bs128_lr0.001_g0.5_w1_adam,1
73,341.65234375,313.4478454589844,3,1,1024,128,0.001,0.5,l1_h1024_bs128_lr0.001_g0.5_w1_adam,1
74,279.8106689453125,313.4995422363281,3,1,1024,128,0.001,0.5,l1_h1024_bs128_lr0.001_g0.5_w1_adam,1
75,327.1235046386719,313.5360107421875,3,1,1024,128,0.001,0.5,l1_h1024_bs128_lr0.001_g0.5_w1_adam,1
76,242.67076110839844,313.4969787597656,3,1,1024,128,0.001,0.5,l1_h1024_bs128_lr0.001_g0.5_w1_adam,1
77,264.69451904296875,313.7507629394531,3,1,1024,128,0.001,0.5,l1_h1024_bs128_lr0.001_g0.5_w1_adam,1
78,262.4452209472656,313.8628234863281,3,1,1024,128,0.001,0.5,l1_h1024_bs128_lr0.001_g0.5_w1_adam,1
79,337.551513671875,313.9827880859375,3,1,1024,128,0.001,0.5,l1_h1024_bs128_lr0.001_g0.5_w1_adam,1
80,293.04876708984375,314.0963439941406,3,1,1024,128,0.001,0.5,l1_h1024_bs128_lr0.001_g0.5_w1_adam,1
81,300.74462890625,314.22027587890625,3,1,1024,128,0.001,0.5,l1_h1024_bs128_lr0.001_g0.5_w1_adam,1
82,294.8068542480469,314.3462829589844,3,1,1024,128,0.001,0.5,l1_h1024_bs128_lr0.001_g0.5_w1_adam,1
83,338.9560546875,314.4042663574219,3,1,1024,128,0.001,0.5,l1_h1024_bs128_lr0.001_g0.5_w1_adam,1
84,297.126220703125,314.4454345703125,3,1,1024,128,0.001,0.5,l1_h1024_bs128_lr0.001_g0.5_w1_adam,1
85,307.87567138671875,314.5487365722656,3,1,1024,128,0.001,0.5,l1_h1024_bs128_lr0.001_g0.5_w1_adam,1
86,237.4403839111328,314.6255798339844,3,1,1024,128,0.001,0.5,l1_h1024_bs128_lr0.001_g0.5_w1_adam,1
87,282.725341796875,314.7047119140625,3,1,1024,128,0.001,0.5,l1_h1024_bs128_lr0.001_g0.5_w1_adam,1
88,271.676513671875,314.80706787109375,3,1,1024,128,0.001,0.5,l1_h1024_bs128_lr0.001_g0.5_w1_adam,1
89,338.9612731933594,314.85638427734375,3,1,1024,128,0.001,0.5,l1_h1024_bs128_lr0.001_g0.5_w1_adam,1
90,273.55877685546875,314.9366149902344,3,1,1024,128,0.001,0.5,l1_h1024_bs128_lr0.001_g0.5_w1_adam,1
91,277.8560791015625,315.0378112792969,3,1,1024,128,0.001,0.5,l1_h1024_bs128_lr0.001_g0.5_w1_adam,1
92,327.2360534667969,314.9842834472656,3,1,1024,128,0.001,0.5,l1_h1024_bs128_lr0.001_g0.5_w1_adam,1
93,285.15478515625,314.6496887207031,3,1,1024,128,0.001,0.5,l1_h1024_bs128_lr0.001_g0.5_w1_adam,1
94,291.83111572265625,314.3656005859375,3,1,1024,128,0.001,0.5,l1_h1024_bs128_lr0.001_g0.5_w1_adam,1
95,260.9488525390625,314.1029052734375,3,1,1024,128,0.001,0.5,l1_h1024_bs128_lr0.001_g0.5_w1_adam,1
96,288.0696105957031,313.92047119140625,3,1,1024,128,0.001,0.5,l1_h1024_bs128_lr0.001_g0.5_w1_adam,1
97,262.6162109375,313.6555480957031,3,1,1024,128,0.001,0.5,l1_h1024_bs128_lr0.001_g0.5_w1_adam,1
98,337.1060791015625,313.4768981933594,3,1,1024,128,0.001,0.5,l1_h1024_bs128_lr0.001_g0.5_w1_adam,1
99,299.7908630371094,313.2621154785156,3,1,1024,128,0.001,0.5,l1_h1024_bs128_lr0.001_g0.5_w1_adam,1
0,294.00347900390625,316.32513427734375,4,1,1024,128,0.001,0.5,l1_h1024_bs128_lr0.001_g0.5_w1_adam,1
1,299.3131408691406,316.1914367675781,4,1,1024,128,0.001,0.5,l1_h1024_bs128_lr0.001_g0.5_w1_adam,1
2,324.642333984375,316.2083435058594,4,1,1024,128,0.001,0.5,l1_h1024_bs128_lr0.001_g0.5_w1_adam,1
3,290.13397216796875,316.3030700683594,4,1,1024,128,0.001,0.5,l1_h1024_bs128_lr0.001_g0.5_w1_adam,1
4,319.2379455566406,316.3733825683594,4,1,1024,128,0.001,0.5,l1_h1024_bs128_lr0.001_g0.5_w1_adam,1
5,297.2378845214844,316.44012451171875,4,1,1024,128,0.001,0.5,l1_h1024_bs128_lr0.001_g0.5_w1_adam,1
6,285.6268310546875,316.49560546875,4,1,1024,128,0.001,0.5,l1_h1024_bs128_lr0.001_g0.5_w1_adam,1
7,276.62158203125,316.5439758300781,4,1,1024,128,0.001,0.5,l1_h1024_bs128_lr0.001_g0.5_w1_adam,1
8,273.7911376953125,316.583740234375,4,1,1024,128,0.001,0.5,l1_h1024_bs128_lr0.001_g0.5_w1_adam,1
9,275.9963684082031,316.6181335449219,4,1,1024,128,0.001,0.5,l1_h1024_bs128_lr0.001_g0.5_w1_adam,1
10,280.3140869140625,316.64837646484375,4,1,1024,128,0.001,0.5,l1_h1024_bs128_lr0.001_g0.5_w1_adam,1
11,272.21490478515625,316.67669677734375,4,1,1024,128,0.001,0.5,l1_h1024_bs128_lr0.001_g0.5_w1_adam,1
12,300.89935302734375,316.6966552734375,4,1,1024,128,0.001,0.5,l1_h1024_bs128_lr0.001_g0.5_w1_adam,1
13,315.52252197265625,316.7098388671875,4,1,1024,128,0.001,0.5,l1_h1024_bs128_lr0.001_g0.5_w1_adam,1
14,275.4571533203125,316.7183532714844,4,1,1024,128,0.001,0.5,l1_h1024_bs128_lr0.001_g0.5_w1_adam,1
15,291.1273193359375,316.7269592285156,4,1,1024,128,0.001,0.5,l1_h1024_bs128_lr0.001_g0.5_w1_adam,1
16,282.425048828125,316.7301940917969,4,1,1024,128,0.001,0.5,l1_h1024_bs128_lr0.001_g0.5_w1_adam,1
17,280.61572265625,316.74237060546875,4,1,1024,128,0.001,0.5,l1_h1024_bs128_lr0.001_g0.5_w1_adam,1
18,313.79400634765625,316.7561340332031,4,1,1024,128,0.001,0.5,l1_h1024_bs128_lr0.001_g0.5_w1_adam,1
19,313.248779296875,316.7673645019531,4,1,1024,128,0.001,0.5,l1_h1024_bs128_lr0.001_g0.5_w1_adam,1
20,315.5561828613281,316.78179931640625,4,1,1024,128,0.001,0.5,l1_h1024_bs128_lr0.001_g0.5_w1_adam,1
21,331.062255859375,316.765380859375,4,1,1024,128,0.001,0.5,l1_h1024_bs128_lr0.001_g0.5_w1_adam,1
22,286.1204833984375,316.7584533691406,4,1,1024,128,0.001,0.5,l1_h1024_bs128_lr0.001_g0.5_w1_adam,1
23,311.23773193359375,316.7552185058594,4,1,1024,128,0.001,0.5,l1_h1024_bs128_lr0.001_g0.5_w1_adam,1
24,241.34423828125,316.7589111328125,4,1,1024,128,0.001,0.5,l1_h1024_bs128_lr0.001_g0.5_w1_adam,1
25,328.4287109375,316.7596435546875,4,1,1024,128,0.001,0.5,l1_h1024_bs128_lr0.001_g0.5_w1_adam,1
26,335.91705322265625,316.76422119140625,4,1,1024,128,0.001,0.5,l1_h1024_bs128_lr0.001_g0.5_w1_adam,1
27,278.5623474121094,316.76385498046875,4,1,1024,128,0.001,0.5,l1_h1024_bs128_lr0.001_g0.5_w1_adam,1
28,262.7861022949219,316.77105712890625,4,1,1024,128,0.001,0.5,l1_h1024_bs128_lr0.001_g0.5_w1_adam,1
29,309.48260498046875,316.7933654785156,4,1,1024,128,0.001,0.5,l1_h1024_bs128_lr0.001_g0.5_w1_adam,1
30,312.28668212890625,316.8213806152344,4,1,1024,128,0.001,0.5,l1_h1024_bs128_lr0.001_g0.5_w1_adam,1
31,314.749267578125,316.8411865234375,4,1,1024,128,0.001,0.5,l1_h1024_bs128_lr0.001_g0.5_w1_adam,1
32,291.3112487792969,316.8287048339844,4,1,1024,128,0.001,0.5,l1_h1024_bs128_lr0.001_g0.5_w1_adam,1
33,266.85833740234375,316.86871337890625,4,1,1024,128,0.001,0.5,l1_h1024_bs128_lr0.001_g0.5_w1_adam,1
34,260.9826965332031,316.9075622558594,4,1,1024,128,0.001,0.5,l1_h1024_bs128_lr0.001_g0.5_w1_adam,1
35,268.19622802734375,316.9466552734375,4,1,1024,128,0.001,0.5,l1_h1024_bs128_lr0.001_g0.5_w1_adam,1
36,246.37156677246094,316.99658203125,4,1,1024,128,0.001,0.5,l1_h1024_bs128_lr0.001_g0.5_w1_adam,1
37,332.1179504394531,317.0264892578125,4,1,1024,128,0.001,0.5,l1_h1024_bs128_lr0.001_g0.5_w1_adam,1
38,312.17279052734375,317.0478820800781,4,1,1024,128,0.001,0.5,l1_h1024_bs128_lr0.001_g0.5_w1_adam,1
39,296.29541015625,317.0699157714844,4,1,1024,128,0.001,0.5,l1_h1024_bs128_lr0.001_g0.5_w1_adam,1
40,345.26953125,317.1097412109375,4,1,1024,128,0.001,0.5,l1_h1024_bs128_lr0.001_g0.5_w1_adam,1
41,309.60968017578125,317.14691162109375,4,1,1024,128,0.001,0.5,l1_h1024_bs128_lr0.001_g0.5_w1_adam,1
42,319.1827392578125,317.1883239746094,4,1,1024,128,0.001,0.5,l1_h1024_bs128_lr0.001_g0.5_w1_adam,1
43,282.98541259765625,317.2109680175781,4,1,1024,128,0.001,0.5,l1_h1024_bs128_lr0.001_g0.5_w1_adam,1
44,268.2212219238281,317.2352600097656,4,1,1024,128,0.001,0.5,l1_h1024_bs128_lr0.001_g0.5_w1_adam,1
45,325.8583984375,317.2428283691406,4,1,1024,128,0.001,0.5,l1_h1024_bs128_lr0.001_g0.5_w1_adam,1
46,273.743896484375,317.27752685546875,4,1,1024,128,0.001,0.5,l1_h1024_bs128_lr0.001_g0.5_w1_adam,1
47,294.7870178222656,317.29766845703125,4,1,1024,128,0.001,0.5,l1_h1024_bs128_lr0.001_g0.5_w1_adam,1
48,280.87969970703125,317.3182373046875,4,1,1024,128,0.001,0.5,l1_h1024_bs128_lr0.001_g0.5_w1_adam,1
49,297.7089538574219,317.384765625,4,1,1024,128,0.001,0.5,l1_h1024_bs128_lr0.001_g0.5_w1_adam,1
50,319.8602294921875,317.4399108886719,4,1,1024,128,0.001,0.5,l1_h1024_bs128_lr0.001_g0.5_w1_adam,1
51,332.9825439453125,317.450927734375,4,1,1024,128,0.001,0.5,l1_h1024_bs128_lr0.001_g0.5_w1_adam,1
52,280.1304016113281,317.4847412109375,4,1,1024,128,0.001,0.5,l1_h1024_bs128_lr0.001_g0.5_w1_adam,1
53,317.5731201171875,317.5554504394531,4,1,1024,128,0.001,0.5,l1_h1024_bs128_lr0.001_g0.5_w1_adam,1
54,305.63543701171875,317.6499938964844,4,1,1024,128,0.001,0.5,l1_h1024_bs128_lr0.001_g0.5_w1_adam,1
55,301.0826416015625,317.92742919921875,4,1,1024,128,0.001,0.5,l1_h1024_bs128_lr0.001_g0.5_w1_adam,1
56,293.25921630859375,318.20849609375,4,1,1024,128,0.001,0.5,l1_h1024_bs128_lr0.001_g0.5_w1_adam,1
57,269.81878662109375,318.4841003417969,4,1,1024,128,0.001,0.5,l1_h1024_bs128_lr0.001_g0.5_w1_adam,1
58,292.8225402832031,318.7284240722656,4,1,1024,128,0.001,0.5,l1_h1024_bs128_lr0.001_g0.5_w1_adam,1
59,295.3695068359375,318.91253662109375,4,1,1024,128,0.001,0.5,l1_h1024_bs128_lr0.001_g0.5_w1_adam,1
60,301.3377990722656,319.08349609375,4,1,1024,128,0.001,0.5,l1_h1024_bs128_lr0.001_g0.5_w1_adam,1
61,324.4681091308594,319.2601013183594,4,1,1024,128,0.001,0.5,l1_h1024_bs128_lr0.001_g0.5_w1_adam,1
62,282.12890625,319.40802001953125,4,1,1024,128,0.001,0.5,l1_h1024_bs128_lr0.001_g0.5_w1_adam,1
63,315.72125244140625,319.459716796875,4,1,1024,128,0.001,0.5,l1_h1024_bs128_lr0.001_g0.5_w1_adam,1
64,272.85931396484375,319.3114318847656,4,1,1024,128,0.001,0.5,l1_h1024_bs128_lr0.001_g0.5_w1_adam,1
65,306.71826171875,319.2005310058594,4,1,1024,128,0.001,0.5,l1_h1024_bs128_lr0.001_g0.5_w1_adam,1
66,320.1017150878906,319.08892822265625,4,1,1024,128,0.001,0.5,l1_h1024_bs128_lr0.001_g0.5_w1_adam,1
67,330.83856201171875,319.03668212890625,4,1,1024,128,0.001,0.5,l1_h1024_bs128_lr0.001_g0.5_w1_adam,1
68,325.177001953125,319.06158447265625,4,1,1024,128,0.001,0.5,l1_h1024_bs128_lr0.001_g0.5_w1_adam,1
69,267.94775390625,319.0956726074219,4,1,1024,128,0.001,0.5,l1_h1024_bs128_lr0.001_g0.5_w1_adam,1
70,315.8197021484375,319.1205139160156,4,1,1024,128,0.001,0.5,l1_h1024_bs128_lr0.001_g0.5_w1_adam,1
71,276.2198181152344,319.1513366699219,4,1,1024,128,0.001,0.5,l1_h1024_bs128_lr0.001_g0.5_w1_adam,1
72,298.43231201171875,319.1728210449219,4,1,1024,128,0.001,0.5,l1_h1024_bs128_lr0.001_g0.5_w1_adam,1
73,304.1264953613281,319.1918029785156,4,1,1024,128,0.001,0.5,l1_h1024_bs128_lr0.001_g0.5_w1_adam,1
74,329.96099853515625,319.2044677734375,4,1,1024,128,0.001,0.5,l1_h1024_bs128_lr0.001_g0.5_w1_adam,1
75,286.10333251953125,319.24652099609375,4,1,1024,128,0.001,0.5,l1_h1024_bs128_lr0.001_g0.5_w1_adam,1
76,263.67547607421875,319.29150390625,4,1,1024,128,0.001,0.5,l1_h1024_bs128_lr0.001_g0.5_w1_adam,1
77,299.86566162109375,319.3360290527344,4,1,1024,128,0.001,0.5,l1_h1024_bs128_lr0.001_g0.5_w1_adam,1
78,298.20916748046875,319.3493347167969,4,1,1024,128,0.001,0.5,l1_h1024_bs128_lr0.001_g0.5_w1_adam,1
79,276.4769287109375,319.3791809082031,4,1,1024,128,0.001,0.5,l1_h1024_bs128_lr0.001_g0.5_w1_adam,1
80,278.90606689453125,319.4190368652344,4,1,1024,128,0.001,0.5,l1_h1024_bs128_lr0.001_g0.5_w1_adam,1
81,275.07781982421875,319.46929931640625,4,1,1024,128,0.001,0.5,l1_h1024_bs128_lr0.001_g0.5_w1_adam,1
82,288.8778076171875,319.4967041015625,4,1,1024,128,0.001,0.5,l1_h1024_bs128_lr0.001_g0.5_w1_adam,1
83,268.6190185546875,319.53289794921875,4,1,1024,128,0.001,0.5,l1_h1024_bs128_lr0.001_g0.5_w1_adam,1
84,292.2625732421875,319.5145263671875,4,1,1024,128,0.001,0.5,l1_h1024_bs128_lr0.001_g0.5_w1_adam,1
85,324.3302001953125,319.64300537109375,4,1,1024,128,0.001,0.5,l1_h1024_bs128_lr0.001_g0.5_w1_adam,1
86,321.0760498046875,319.7747497558594,4,1,1024,128,0.001,0.5,l1_h1024_bs128_lr0.001_g0.5_w1_adam,1
87,307.7244567871094,319.8909912109375,4,1,1024,128,0.001,0.5,l1_h1024_bs128_lr0.001_g0.5_w1_adam,1
88,314.0943603515625,319.97137451171875,4,1,1024,128,0.001,0.5,l1_h1024_bs128_lr0.001_g0.5_w1_adam,1
89,293.3358154296875,320.03973388671875,4,1,1024,128,0.001,0.5,l1_h1024_bs128_lr0.001_g0.5_w1_adam,1
90,262.91009521484375,320.1524658203125,4,1,1024,128,0.001,0.5,l1_h1024_bs128_lr0.001_g0.5_w1_adam,1
91,289.00408935546875,320.2442626953125,4,1,1024,128,0.001,0.5,l1_h1024_bs128_lr0.001_g0.5_w1_adam,1
92,281.5984191894531,320.3432922363281,4,1,1024,128,0.001,0.5,l1_h1024_bs128_lr0.001_g0.5_w1_adam,1
93,282.1588134765625,320.45263671875,4,1,1024,128,0.001,0.5,l1_h1024_bs128_lr0.001_g0.5_w1_adam,1
94,291.35906982421875,320.5417175292969,4,1,1024,128,0.001,0.5,l1_h1024_bs128_lr0.001_g0.5_w1_adam,1
95,275.7965393066406,320.6170654296875,4,1,1024,128,0.001,0.5,l1_h1024_bs128_lr0.001_g0.5_w1_adam,1
96,345.72900390625,320.5742492675781,4,1,1024,128,0.001,0.5,l1_h1024_bs128_lr0.001_g0.5_w1_adam,1
97,278.49029541015625,320.727294921875,4,1,1024,128,0.001,0.5,l1_h1024_bs128_lr0.001_g0.5_w1_adam,1
98,315.85040283203125,320.8632507324219,4,1,1024,128,0.001,0.5,l1_h1024_bs128_lr0.001_g0.5_w1_adam,1
99,280.38873291015625,321.00946044921875,4,1,1024,128,0.001,0.5,l1_h1024_bs128_lr0.001_g0.5_w1_adam,1
0,301.05078125,316.29644775390625,5,1,1024,128,0.001,0.5,l1_h1024_bs128_lr0.001_g0.5_w1_adam,1
1,259.35845947265625,316.1837158203125,5,1,1024,128,0.001,0.5,l1_h1024_bs128_lr0.001_g0.5_w1_adam,1
2,305.77117919921875,316.2398376464844,5,1,1024,128,0.001,0.5,l1_h1024_bs128_lr0.001_g0.5_w1_adam,1
3,301.9554748535156,316.33221435546875,5,1,1024,128,0.001,0.5,l1_h1024_bs128_lr0.001_g0.5_w1_adam,1
4,271.14910888671875,316.425048828125,5,1,1024,128,0.001,0.5,l1_h1024_bs128_lr0.001_g0.5_w1_adam,1
5,281.7005615234375,316.4956970214844,5,1,1024,128,0.001,0.5,l1_h1024_bs128_lr0.001_g0.5_w1_adam,1
6,299.8263854980469,316.56494140625,5,1,1024,128,0.001,0.5,l1_h1024_bs128_lr0.001_g0.5_w1_adam,1
7,337.440673828125,316.5849914550781,5,1,1024,128,0.001,0.5,l1_h1024_bs128_lr0.001_g0.5_w1_adam,1
8,285.9742431640625,316.6258544921875,5,1,1024,128,0.001,0.5,l1_h1024_bs128_lr0.001_g0.5_w1_adam,1
9,336.7940673828125,316.6500244140625,5,1,1024,128,0.001,0.5,l1_h1024_bs128_lr0.001_g0.5_w1_adam,1
10,265.76947021484375,316.6893615722656,5,1,1024,128,0.001,0.5,l1_h1024_bs128_lr0.001_g0.5_w1_adam,1
11,288.1075439453125,316.71234130859375,5,1,1024,128,0.001,0.5,l1_h1024_bs128_lr0.001_g0.5_w1_adam,1
12,273.99700927734375,316.744384765625,5,1,1024,128,0.001,0.5,l1_h1024_bs128_lr0.001_g0.5_w1_adam,1
13,317.0453796386719,316.77203369140625,5,1,1024,128,0.001,0.5,l1_h1024_bs128_lr0.001_g0.5_w1_adam,1
14,276.8917236328125,316.8010559082031,5,1,1024,128,0.001,0.5,l1_h1024_bs128_lr0.001_g0.5_w1_adam,1
15,298.8829040527344,316.79412841796875,5,1,1024,128,0.001,0.5,l1_h1024_bs128_lr0.001_g0.5_w1_adam,1
16,357.88287353515625,316.82257080078125,5,1,1024,128,0.001,0.5,l1_h1024_bs128_lr0.001_g0.5_w1_adam,1
17,293.1885986328125,316.8663024902344,5,1,1024,128,0.001,0.5,l1_h1024_bs128_lr0.001_g0.5_w1_adam,1
18,247.00062561035156,316.9104919433594,5,1,1024,128,0.001,0.5,l1_h1024_bs128_lr0.001_g0.5_w1_adam,1
19,261.14599609375,316.9546813964844,5,1,1024,128,0.001,0.5,l1_h1024_bs128_lr0.001_g0.5_w1_adam,1
20,300.08770751953125,316.96319580078125,5,1,1024,128,0.001,0.5,l1_h1024_bs128_lr0.001_g0.5_w1_adam,1
21,310.3207092285156,316.96722412109375,5,1,1024,128,0.001,0.5,l1_h1024_bs128_lr0.001_g0.5_w1_adam,1
22,358.83135986328125,316.9762878417969,5,1,1024,128,0.001,0.5,l1_h1024_bs128_lr0.001_g0.5_w1_adam,1
23,308.4289855957031,316.9908142089844,5,1,1024,128,0.001,0.5,l1_h1024_bs128_lr0.001_g0.5_w1_adam,1
24,289.9774169921875,317.0123291015625,5,1,1024,128,0.001,0.5,l1_h1024_bs128_lr0.001_g0.5_w1_adam,1
25,281.054443359375,317.0334777832031,5,1,1024,128,0.001,0.5,l1_h1024_bs128_lr0.001_g0.5_w1_adam,1
26,311.1585998535156,317.052490234375,5,1,1024,128,0.001,0.5,l1_h1024_bs128_lr0.001_g0.5_w1_adam,1
27,277.0281066894531,317.0626220703125,5,1,1024,128,0.001,0.5,l1_h1024_bs128_lr0.001_g0.5_w1_adam,1
28,307.6557922363281,317.0690612792969,5,1,1024,128,0.001,0.5,l1_h1024_bs128_lr0.001_g0.5_w1_adam,1
29,263.5980224609375,317.0794372558594,5,1,1024,128,0.001,0.5,l1_h1024_bs128_lr0.001_g0.5_w1_adam,1
30,306.58648681640625,317.0910949707031,5,1,1024,128,0.001,0.5,l1_h1024_bs128_lr0.001_g0.5_w1_adam,1
31,282.35491943359375,317.10321044921875,5,1,1024,128,0.001,0.5,l1_h1024_bs128_lr0.001_g0.5_w1_adam,1
32,301.8606872558594,317.1139831542969,5,1,1024,128,0.001,0.5,l1_h1024_bs128_lr0.001_g0.5_w1_adam,1
33,249.59475708007812,317.1257019042969,5,1,1024,128,0.001,0.5,l1_h1024_bs128_lr0.001_g0.5_w1_adam,1
34,278.5947265625,317.14471435546875,5,1,1024,128,0.001,0.5,l1_h1024_bs128_lr0.001_g0.5_w1_adam,1
35,307.541015625,317.1712341308594,5,1,1024,128,0.001,0.5,l1_h1024_bs128_lr0.001_g0.5_w1_adam,1
36,322.35235595703125,317.18243408203125,5,1,1024,128,0.001,0.5,l1_h1024_bs128_lr0.001_g0.5_w1_adam,1
37,277.97528076171875,317.2043762207031,5,1,1024,128,0.001,0.5,l1_h1024_bs128_lr0.001_g0.5_w1_adam,1
38,278.4893798828125,317.23614501953125,5,1,1024,128,0.001,0.5,l1_h1024_bs128_lr0.001_g0.5_w1_adam,1
39,297.622802734375,317.260009765625,5,1,1024,128,0.001,0.5,l1_h1024_bs128_lr0.001_g0.5_w1_adam,1
40,293.41607666015625,317.2885437011719,5,1,1024,128,0.001,0.5,l1_h1024_bs128_lr0.001_g0.5_w1_adam,1
41,268.10009765625,317.2802429199219,5,1,1024,128,0.001,0.5,l1_h1024_bs128_lr0.001_g0.5_w1_adam,1
42,331.074462890625,317.282958984375,5,1,1024,128,0.001,0.5,l1_h1024_bs128_lr0.001_g0.5_w1_adam,1
43,286.35369873046875,317.309814453125,5,1,1024,128,0.001,0.5,l1_h1024_bs128_lr0.001_g0.5_w1_adam,1
44,274.9283447265625,317.3414306640625,5,1,1024,128,0.001,0.5,l1_h1024_bs128_lr0.001_g0.5_w1_adam,1
45,283.3253479003906,317.3563232421875,5,1,1024,128,0.001,0.5,l1_h1024_bs128_lr0.001_g0.5_w1_adam,1
46,341.0141296386719,317.3558654785156,5,1,1024,128,0.001,0.5,l1_h1024_bs128_lr0.001_g0.5_w1_adam,1
47,320.646484375,317.37213134765625,5,1,1024,128,0.001,0.5,l1_h1024_bs128_lr0.001_g0.5_w1_adam,1
48,224.33009338378906,317.3850402832031,5,1,1024,128,0.001,0.5,l1_h1024_bs128_lr0.001_g0.5_w1_adam,1
49,296.88397216796875,317.4028625488281,5,1,1024,128,0.001,0.5,l1_h1024_bs128_lr0.001_g0.5_w1_adam,1
50,282.83221435546875,317.41290283203125,5,1,1024,128,0.001,0.5,l1_h1024_bs128_lr0.001_g0.5_w1_adam,1
51,249.046142578125,317.4720153808594,5,1,1024,128,0.001,0.5,l1_h1024_bs128_lr0.001_g0.5_w1_adam,1
52,313.6464538574219,317.55621337890625,5,1,1024,128,0.001,0.5,l1_h1024_bs128_lr0.001_g0.5_w1_adam,1
53,275.4683837890625,317.7167663574219,5,1,1024,128,0.001,0.5,l1_h1024_bs128_lr0.001_g0.5_w1_adam,1
54,313.9601745605469,317.83990478515625,5,1,1024,128,0.001,0.5,l1_h1024_bs128_lr0.001_g0.5_w1_adam,1
55,297.4279479980469,317.8899841308594,5,1,1024,128,0.001,0.5,l1_h1024_bs128_lr0.001_g0.5_w1_adam,1
56,285.1943359375,317.9720764160156,5,1,1024,128,0.001,0.5,l1_h1024_bs128_lr0.001_g0.5_w1_adam,1
57,261.0869445800781,318.010009765625,5,1,1024,128,0.001,0.5,l1_h1024_bs128_lr0.001_g0.5_w1_adam,1
58,309.8305969238281,318.063232421875,5,1,1024,128,0.001,0.5,l1_h1024_bs128_lr0.001_g0.5_w1_adam,1
59,288.97418212890625,317.9495544433594,5,1,1024,128,0.001,0.5,l1_h1024_bs128_lr0.001_g0.5_w1_adam,1
60,311.7581787109375,317.80413818359375,5,1,1024,128,0.001,0.5,l1_h1024_bs128_lr0.001_g0.5_w1_adam,1
61,299.2577819824219,317.6913146972656,5,1,1024,128,0.001,0.5,l1_h1024_bs128_lr0.001_g0.5_w1_adam,1
62,272.3203125,317.611572265625,5,1,1024,128,0.001,0.5,l1_h1024_bs128_lr0.001_g0.5_w1_adam,1
63,284.6320495605469,317.5667419433594,5,1,1024,128,0.001,0.5,l1_h1024_bs128_lr0.001_g0.5_w1_adam,1
64,328.86431884765625,317.546875,5,1,1024,128,0.001,0.5,l1_h1024_bs128_lr0.001_g0.5_w1_adam,1
65,282.490234375,317.53680419921875,5,1,1024,128,0.001,0.5,l1_h1024_bs128_lr0.001_g0.5_w1_adam,1
66,286.16864013671875,317.54071044921875,5,1,1024,128,0.001,0.5,l1_h1024_bs128_lr0.001_g0.5_w1_adam,1
67,249.50765991210938,317.5445556640625,5,1,1024,128,0.001,0.5,l1_h1024_bs128_lr0.001_g0.5_w1_adam,1
68,268.4919128417969,317.5476989746094,5,1,1024,128,0.001,0.5,l1_h1024_bs128_lr0.001_g0.5_w1_adam,1
69,299.99847412109375,317.5674133300781,5,1,1024,128,0.001,0.5,l1_h1024_bs128_lr0.001_g0.5_w1_adam,1
70,271.91180419921875,317.58026123046875,5,1,1024,128,0.001,0.5,l1_h1024_bs128_lr0.001_g0.5_w1_adam,1
71,282.7401428222656,317.5501403808594,5,1,1024,128,0.001,0.5,l1_h1024_bs128_lr0.001_g0.5_w1_adam,1
72,306.75360107421875,317.5287170410156,5,1,1024,128,0.001,0.5,l1_h1024_bs128_lr0.001_g0.5_w1_adam,1
73,283.32366943359375,317.4817810058594,5,1,1024,128,0.001,0.5,l1_h1024_bs128_lr0.001_g0.5_w1_adam,1
74,284.99114990234375,317.4423522949219,5,1,1024,128,0.001,0.5,l1_h1024_bs128_lr0.001_g0.5_w1_adam,1
75,309.1412353515625,317.41888427734375,5,1,1024,128,0.001,0.5,l1_h1024_bs128_lr0.001_g0.5_w1_adam,1
76,300.8759765625,317.40240478515625,5,1,1024,128,0.001,0.5,l1_h1024_bs128_lr0.001_g0.5_w1_adam,1
77,279.8997802734375,317.3905334472656,5,1,1024,128,0.001,0.5,l1_h1024_bs128_lr0.001_g0.5_w1_adam,1
78,278.137451171875,317.3839111328125,5,1,1024,128,0.001,0.5,l1_h1024_bs128_lr0.001_g0.5_w1_adam,1
79,275.3456115722656,317.38238525390625,5,1,1024,128,0.001,0.5,l1_h1024_bs128_lr0.001_g0.5_w1_adam,1
80,296.98309326171875,317.3851623535156,5,1,1024,128,0.001,0.5,l1_h1024_bs128_lr0.001_g0.5_w1_adam,1
81,272.776123046875,317.38946533203125,5,1,1024,128,0.001,0.5,l1_h1024_bs128_lr0.001_g0.5_w1_adam,1
82,280.0330810546875,317.3880920410156,5,1,1024,128,0.001,0.5,l1_h1024_bs128_lr0.001_g0.5_w1_adam,1
83,291.21868896484375,317.3822021484375,5,1,1024,128,0.001,0.5,l1_h1024_bs128_lr0.001_g0.5_w1_adam,1
84,302.01812744140625,317.3496398925781,5,1,1024,128,0.001,0.5,l1_h1024_bs128_lr0.001_g0.5_w1_adam,1
85,338.4068603515625,317.3289794921875,5,1,1024,128,0.001,0.5,l1_h1024_bs128_lr0.001_g0.5_w1_adam,1
86,283.58245849609375,317.3143310546875,5,1,1024,128,0.001,0.5,l1_h1024_bs128_lr0.001_g0.5_w1_adam,1
87,290.6937255859375,317.30194091796875,5,1,1024,128,0.001,0.5,l1_h1024_bs128_lr0.001_g0.5_w1_adam,1
88,290.97723388671875,317.2917175292969,5,1,1024,128,0.001,0.5,l1_h1024_bs128_lr0.001_g0.5_w1_adam,1
89,278.6373291015625,317.28369140625,5,1,1024,128,0.001,0.5,l1_h1024_bs128_lr0.001_g0.5_w1_adam,1
90,266.32305908203125,317.2770080566406,5,1,1024,128,0.001,0.5,l1_h1024_bs128_lr0.001_g0.5_w1_adam,1
91,311.6197509765625,317.27105712890625,5,1,1024,128,0.001,0.5,l1_h1024_bs128_lr0.001_g0.5_w1_adam,1
92,277.268310546875,317.2654724121094,5,1,1024,128,0.001,0.5,l1_h1024_bs128_lr0.001_g0.5_w1_adam,1
93,287.54833984375,317.2627868652344,5,1,1024,128,0.001,0.5,l1_h1024_bs128_lr0.001_g0.5_w1_adam,1
94,272.21392822265625,317.2594909667969,5,1,1024,128,0.001,0.5,l1_h1024_bs128_lr0.001_g0.5_w1_adam,1
95,286.81988525390625,317.25518798828125,5,1,1024,128,0.001,0.5,l1_h1024_bs128_lr0.001_g0.5_w1_adam,1
96,276.4695129394531,317.25177001953125,5,1,1024,128,0.001,0.5,l1_h1024_bs128_lr0.001_g0.5_w1_adam,1
97,284.20477294921875,317.2475891113281,5,1,1024,128,0.001,0.5,l1_h1024_bs128_lr0.001_g0.5_w1_adam,1
98,291.1348571777344,317.2427062988281,5,1,1024,128,0.001,0.5,l1_h1024_bs128_lr0.001_g0.5_w1_adam,1
99,321.76165771484375,317.2901916503906,5,1,1024,128,0.001,0.5,l1_h1024_bs128_lr0.001_g0.5_w1_adam,1
